83382.0
83089.0
82953.0
82757.0
82540.0
82348.0
82124.0
81934.0
81694.0
81479.0
81292.0
81004.0
80775.0
80621.0
80420.0
80198.0
80032.0
79829.0
79613.0
79401.0
79211.0
79006.0
78822.0
78647.0
78432.0
78258.0
78079.0
77841.0
77644.0
77442.0
77246.0
77062.0
76841.0
76626.0
76447.0
76225.0
76070.0
75934.0
75781.0
75598.0
75387.0
75266.0
75103.0
74932.0
74770.0
74634.0
74556.0
74418.0
74199.0
74013.0
73839.0
73688.0
73488.0
73312.0
73076.0
72877.0
72680.0
72455.0
72262.0
72051.0
71853.0
71519.0
71302.0
71094.0
70940.0
70755.0
70580.0
70410.0
70306.0
70195.0
70036.0
69835.0
69644.0
69414.0
69164.0
68928.0
68725.0
68541.0
68357.0
68185.0
68017.0
67831.0
67661.0
67432.0
67214.0
66978.0
66861.0
66708.0
66517.0
66289.0
66089.0
65908.0
65755.0
65672.0
65541.0
65411.0
65264.0
65133.0
65016.0
64889.0
64742.0
64637.0
64562.0
64358.0
64215.0
64083.0
64018.0
63951.0
63848.0
63682.0
63510.0
63301.0
63114.0
62956.0
62754.0
62545.0
62380.0
62097.0
61865.0
61628.0
61494.0
61378.0
61247.0
61104.0
60930.0
60764.0
60575.0
60423.0
60303.0
60178.0
60016.0
59800.0
59543.0
59354.0
59250.0
59169.0
59029.0
58847.0
58719.0
58598.0
58500.0
58413.0
58263.0
58110.0
57895.0
57690.0
57464.0
57294.0
57082.0
56841.0
56674.0
56574.0
56412.0
56208.0
56031.0
55859.0
55730.0
55637.0
55515.0
55413.0
55289.0
55119.0
54921.0
54675.0
54480.0
54361.0
54204.0
54120.0
53991.0
53817.0
53613.0
53500.0
53409.0
53331.0
53220.0
53110.0
52973.0
52884.0
52762.0
52708.0
52602.0
52498.0
52354.0
52208.0
52053.0
51897.0
51784.0
51706.0
51662.0
51597.0
51384.0
51161.0
50949.0
50832.0
50783.0
50727.0
50607.0
50428.0
50354.0
50201.0
50101.0
49973.0
49893.0
49835.0
49760.0
49693.0
49638.0
49567.0
49421.0
49347.0
49223.0
49114.0
48938.0
48770.0
48614.0
48459.0
48266.0
48125.0
47960.0
47870.0
47727.0
47546.0
47443.0
47283.0
47175.0
47026.0
46919.0
46837.0
46619.0
46430.0
46377.0
46264.0
46154.0
46090.0
46024.0
45931.0
45882.0
45843.0
45744.0
45613.0
45411.0
45305.0
45241.0
45192.0
45130.0
44986.0
44918.0
44743.0
44733.0
44707.0
44531.0
44458.0
44323.0
44173.0
44089.0
44063.0
44035.0
43911.0
43844.0
43735.0
43604.0
43432.0
43355.0
43325.0
43210.0
43034.0
42986.0
42838.0
42712.0
42640.0
42581.0
42513.0
42352.0
42220.0
42040.0
41906.0
41758.0
41665.0
41628.0
41540.0
41510.0
41377.0
41253.0
41142.0
41052.0
40973.0
40867.0
40617.0
40489.0
40436.0
40340.0
40215.0
40114.0
40026.0
39855.0
39687.0
39498.0
39450.0
39441.0
39335.0
39177.0
39035.0
38936.0
38782.0
38665.0
38546.0
38428.0
38336.0
38226.0
38136.0
38035.0
37907.0
37835.0
37761.0
37654.0
37529.0
37395.0
37264.0
37140.0
37032.0
36984.0
36895.0
36790.0
36644.0
36541.0
36418.0
36297.0
36198.0
36068.0
35912.0
35775.0
35694.0
35572.0
35431.0
35312.0
35192.0
35098.0
34969.0
34860.0
34738.0
34679.0
34585.0
34485.0
34409.0
34316.0
34231.0
34129.0
34061.0
33963.0
33907.0
33835.0
33741.0
33636.0
33518.0
33427.0
33364.0
33322.0
33232.0
33163.0
33082.0
33028.0
32939.0
32855.0
32769.0
32680.0
32559.0
32481.0
32389.0
32323.0
32255.0
32229.0
32157.0
32058.0
31986.0
31897.0
31829.0
31741.0
31660.0
31584.0
31469.0
31347.0
31246.0
31166.0
31112.0
31037.0
30928.0
30836.0
30756.0
30672.0
30644.0
30556.0
30485.0
30405.0
30301.0
30201.0
30111.0
30013.0
29914.0
29825.0
29790.0
29723.0
29693.0
29604.0
29537.0
29452.0
29349.0
29238.0
29173.0
29042.0
28939.0
28845.0
28776.0
28657.0
28573.0
28496.0
28415.0
28378.0
28340.0
28200.0
28122.0
28005.0
27881.0
27781.0
27621.0
27551.0
27478.0
27335.0
27228.0
27186.0
27124.0
27008.0
26902.0
26759.0
26669.0
26620.0
26547.0
26491.0
26380.0
26323.0
26239.0
26149.0
26085.0
26016.0
25921.0
25864.0
25781.0
25696.0
25594.0
25539.0
25490.0
25433.0
25384.0
25312.0
25237.0
25162.0
25082.0
24991.0
24921.0
24884.0
24867.0
24840.0
24787.0
24743.0
24677.0
24629.0
24535.0
24473.0
24445.0
24416.0
24391.0
24345.0
24281.0
24251.0
24210.0
24167.0
24150.0
24119.0
24088.0
24061.0
24000.0
23966.0
23927.0
23894.0
23861.0
23834.0
23794.0
23752.0
23705.0
23684.0
23660.0
23633.0
23597.0
23572.0
23505.0
23481.0
23432.0
23371.0
23310.0
23223.0
23175.0
23121.0
23077.0
23014.0
22974.0
22936.0
22867.0
22808.0
22735.0
22690.0
22665.0
22614.0
22533.0
22510.0
22480.0
22406.0
22352.0
22307.0
22264.0
22211.0
22173.0
22138.0
22113.0
22085.0
22057.0
22010.0
21959.0
21903.0
21876.0
21846.0
21806.0
21783.0
21743.0
21682.0
21652.0
21628.0
21595.0
21581.0
21509.0
21378.0
21355.0
21314.0
21273.0
21222.0
21182.0
21149.0
21114.0
21091.0
21080.0
21041.0
21018.0
21006.0
20959.0
20905.0
20780.0
20693.0
20624.0
20593.0
20569.0
20526.0
20480.0
20453.0
20399.0
20368.0
20339.0
20272.0
20224.0
20190.0
20166.0
20157.0
20122.0
20094.0
20041.0
20021.0
20012.0
19920.0
19882.0
19854.0
19820.0
19756.0
19668.0
19611.0
19495.0
19448.0
19425.0
19410.0
19380.0
19348.0
19318.0
19291.0
19269.0
19223.0
19170.0
19135.0
19124.0
19035.0
19013.0
18956.0
18931.0
18914.0
18871.0
18850.0
18832.0
18827.0
18816.0
18763.0
18678.0
18633.0
18611.0
18589.0
18555.0
18535.0
18511.0
18492.0
18478.0
18458.0
18448.0
18422.0
18349.0
18334.0
18297.0
18277.0
18269.0
18252.0
18226.0
18204.0
18061.0
17973.0
17934.0
17894.0
17802.0
17742.0
17689.0
17629.0
17556.0
17513.0
17481.0
17421.0
17336.0
17250.0
17167.0
17070.0
17009.0
16900.0
16817.0
16769.0
16725.0
16633.0
16566.0
16527.0
16428.0
16375.0
16349.0
16268.0
16198.0
16090.0
16030.0
15981.0
15932.0
15871.0
15755.0
15675.0
15571.0
15499.0
15418.0
15359.0
15252.0
15169.0
15103.0
15012.0
14964.0
14889.0
14822.0
14749.0
14693.0
14650.0
14570.0
14506.0
14420.0
14364.0
14262.0
14192.0
14109.0
14072.0
14056.0
14010.0
13964.0
13911.0
13851.0
13787.0
13715.0
13657.0
13573.0
13479.0
13375.0
13250.0
13149.0
13056.0
12982.0
12912.0
12800.0
12741.0
12651.0
12576.0
12485.0
12426.0
12407.0
12389.0
12365.0
12338.0
12313.0
12296.0
12255.0
12217.0
12172.0
12062.0
12013.0
11985.0
11952.0
11910.0
11880.0
11844.0
11820.0
11768.0
11709.0
11679.0
11635.0
11605.0
11557.0
11535.0
11466.0
11432.0
11419.0
11378.0
11336.0
11290.0
11249.0
11216.0
11183.0
11152.0
11105.0
11064.0
11030.0
10993.0
10963.0
10915.0
10885.0
10858.0
10828.0
10793.0
10740.0
10700.0
10688.0
10680.0
10664.0
10641.0
10624.0
10540.0
10498.0
10446.0
10403.0
10379.0
10360.0
10337.0
10302.0
10279.0
10235.0
10179.0
10105.0
10058.0
10028.0
10009.0
9966.0
9946.0
9874.0
9840.0
9809.0
9764.0
9727.0
9682.0
9629.0
9593.0
9571.0
9525.0
9482.0
9420.0
9380.0
9341.0
9303.0
9242.0
9186.0
9144.0
9095.0
9038.0
8962.0
8897.0
8837.0
8799.0
8766.0
8738.0
8671.0
8632.0
8579.0
8520.0
8457.0
8395.0
8345.0
8275.0
8176.0
8108.0
8034.0
7969.0
7886.0
7805.0
7736.0
7633.0
7545.0
7464.0
7368.0
7295.0
7201.0
7076.0
6961.0
6832.0
6691.0
6515.0
6450.0
6377.0
6254.0
6165.0
5989.0
5932.0
5845.0
5743.0
5655.0
5601.0
5537.0
5480.0
5389.0
5324.0
5284.0
5260.0
5214.0
5140.0
5070.0
5035.0
4972.0
4957.0
4950.0
4856.0
4840.0
4739.0
4684.0
4589.0
4532.0
4468.0
4417.0
4370.0
4302.0
4238.0
4182.0
4093.0
3943.0
3853.0
3787.0
3685.0
3568.0
3480.0
3388.0
3337.0
3203.0
2821.0
2741.0
2666.0
2593.0
2500.0
2374.0
2273.0
2214.0
2117.0
2055.0
1941.0
1902.0
1760.0
1688.0
1580.0
1480.0
1157.0
1152.0
828.0
