244.0
104.0
144.0
123.0
139.0
175.0
147.0
184.0
139.0
127.0
216.0
176.0
118.0
143.0
161.0
114.0
151.0
150.0
156.0
119.0
144.0
118.0
124.0
117.0
136.0
122.0
157.0
138.0
127.0
126.0
122.0
153.0
150.0
115.0
146.0
102.0
90.0
111.0
110.0
123.0
87.0
99.0
119.0
107.0
96.0
52.0
74.0
163.0
121.0
131.0
101.0
133.0
110.0
171.0
146.0
125.0
170.0
139.0
134.0
147.0
233.0
155.0
151.0
108.0
127.0
123.0
123.0
73.0
81.0
110.0
156.0
144.0
180.0
197.0
185.0
158.0
139.0
155.0
140.0
134.0
162.0
137.0
164.0
167.0
164.0
83.0
106.0
146.0
143.0
145.0
118.0
125.0
67.0
100.0
90.0
101.0
82.0
69.0
96.0
96.0
74.0
48.0
149.0
107.0
108.0
47.0
49.0
87.0
119.0
125.0
171.0
129.0
102.0
174.0
178.0
121.0
215.0
185.0
183.0
98.0
79.0
94.0
99.0
119.0
120.0
149.0
112.0
87.0
90.0
115.0
162.0
163.0
115.0
75.0
62.0
106.0
140.0
89.0
92.0
80.0
66.0
111.0
124.0
168.0
161.0
163.0
136.0
164.0
178.0
109.0
76.0
124.0
148.0
131.0
124.0
103.0
67.0
105.0
69.0
85.0
112.0
149.0
185.0
145.0
90.0
108.0
50.0
91.0
119.0
133.0
90.0
83.0
61.0
84.0
81.0
74.0
67.0
94.0
29.0
68.0
75.0
90.0
102.0
100.0
120.0
89.0
63.0
33.0
44.0
148.0
133.0
148.0
90.0
39.0
37.0
97.0
141.0
61.0
113.0
72.0
93.0
56.0
45.0
58.0
52.0
26.0
56.0
100.0
57.0
84.0
73.0
74.0
111.0
129.0
116.0
82.0
108.0
143.0
77.0
117.0
141.0
68.0
118.0
75.0
123.0
87.0
64.0
176.0
147.0
50.0
96.0
79.0
55.0
51.0
81.0
39.0
24.0
84.0
106.0
160.0
72.0
51.0
38.0
50.0
109.0
64.0
133.0
9.0
25.0
152.0
50.0
103.0
115.0
60.0
20.0
23.0
100.0
49.0
78.0
93.0
111.0
55.0
18.0
73.0
128.0
32.0
106.0
92.0
49.0
43.0
44.0
122.0
92.0
123.0
107.0
119.0
77.0
25.0
67.0
22.0
100.0
78.0
78.0
57.0
63.0
96.0
220.0
86.0
44.0
67.0
76.0
63.0
58.0
126.0
134.0
167.0
39.0
8.0
86.0
131.0
116.0
66.0
103.0
72.0
66.0
87.0
52.0
75.0
50.0
61.0
71.0
41.0
49.0
73.0
46.0
88.0
94.0
70.0
72.0
28.0
71.0
77.0
99.0
70.0
86.0
88.0
75.0
84.0
124.0
85.0
44.0
80.0
106.0
91.0
84.0
70.0
67.0
78.0
82.0
32.0
66.0
78.0
44.0
77.0
59.0
68.0
45.0
60.0
35.0
38.0
75.0
60.0
78.0
58.0
42.0
28.0
65.0
50.0
59.0
33.0
58.0
46.0
48.0
67.0
92.0
51.0
66.0
41.0
58.0
14.0
41.0
41.0
45.0
54.0
40.0
54.0
57.0
52.0
80.0
79.0
63.0
46.0
34.0
59.0
73.0
64.0
56.0
62.0
19.0
59.0
48.0
46.0
75.0
56.0
58.0
56.0
70.0
43.0
24.0
34.0
24.0
53.0
41.0
31.0
56.0
61.0
44.0
91.0
72.0
72.0
54.0
84.0
65.0
61.0
46.0
16.0
27.0
112.0
53.0
81.0
88.0
60.0
84.0
49.0
47.0
86.0
63.0
24.0
47.0
54.0
94.0
91.0
55.0
22.0
49.0
28.0
61.0
35.0
53.0
67.0
30.0
28.0
63.0
41.0
56.0
62.0
66.0
38.0
33.0
33.0
24.0
60.0
52.0
59.0
61.0
68.0
51.0
12.0
8.0
19.0
27.0
25.0
56.0
27.0
74.0
50.0
21.0
21.0
21.0
38.0
55.0
22.0
30.0
31.0
13.0
23.0
23.0
19.0
41.0
22.0
21.0
28.0
23.0
17.0
29.0
39.0
38.0
17.0
14.0
20.0
21.0
18.0
50.0
14.0
38.0
52.0
47.0
65.0
39.0
44.0
32.0
52.0
31.0
24.0
58.0
49.0
52.0
20.0
21.0
41.0
34.0
20.0
23.0
49.0
45.0
31.0
31.0
49.0
33.0
25.0
22.0
28.0
21.0
36.0
39.0
47.0
20.0
25.0
32.0
19.0
34.0
29.0
27.0
19.0
23.0
9.0
54.0
48.0
16.0
33.0
34.0
45.0
35.0
27.0
29.0
18.0
6.0
29.0
21.0
11.0
40.0
46.0
63.0
71.0
63.0
28.0
22.0
34.0
37.0
20.0
40.0
27.0
24.0
59.0
17.0
28.0
20.0
5.0
29.0
24.0
49.0
16.0
6.0
84.0
25.0
22.0
28.0
58.0
70.0
51.0
51.0
42.0
22.0
12.0
25.0
29.0
26.0
21.0
16.0
33.0
44.0
29.0
10.0
25.0
19.0
44.0
24.0
14.0
40.0
20.0
14.0
4.0
8.0
45.0
23.0
39.0
20.0
21.0
33.0
18.0
23.0
17.0
12.0
19.0
9.0
18.0
20.0
10.0
25.0
18.0
7.0
15.0
14.0
22.0
58.0
77.0
37.0
32.0
79.0
48.0
50.0
49.0
62.0
40.0
27.0
54.0
68.0
63.0
80.0
50.0
57.0
90.0
72.0
39.0
38.0
80.0
66.0
32.0
64.0
47.0
24.0
65.0
48.0
83.0
49.0
41.0
33.0
49.0
62.0
49.0
48.0
61.0
62.0
54.0
75.0
71.0
58.0
89.0
48.0
67.0
61.0
67.0
48.0
39.0
71.0
62.0
74.0
50.0
87.0
68.0
66.0
26.0
9.0
40.0
39.0
45.0
55.0
50.0
39.0
58.0
78.0
69.0
89.0
92.0
81.0
65.0
61.0
56.0
99.0
45.0
65.0
63.0
70.0
47.0
14.0
13.0
21.0
26.0
22.0
14.0
33.0
26.0
40.0
103.0
32.0
23.0
26.0
36.0
28.0
30.0
23.0
48.0
50.0
22.0
42.0
26.0
41.0
18.0
60.0
24.0
9.0
23.0
30.0
39.0
33.0
22.0
30.0
25.0
36.0
32.0
33.0
33.0
25.0
43.0
27.0
22.0
26.0
23.0
51.0
39.0
10.0
8.0
12.0
21.0
13.0
71.0
30.0
43.0
41.0
20.0
15.0
18.0
29.0
13.0
38.0
48.0
67.0
45.0
25.0
16.0
39.0
19.0
58.0
30.0
24.0
40.0
32.0
38.0
47.0
33.0
19.0
43.0
43.0
60.0
32.0
30.0
34.0
54.0
49.0
35.0
34.0
53.0
65.0
57.0
46.0
35.0
27.0
20.0
51.0
38.0
49.0
51.0
57.0
61.0
49.0
60.0
86.0
66.0
50.0
61.0
73.0
72.0
63.0
94.0
82.0
73.0
93.0
66.0
90.0
115.0
96.0
113.0
127.0
77.0
63.0
69.0
113.0
84.0
168.0
54.0
81.0
96.0
84.0
52.0
59.0
52.0
86.0
59.0
34.0
24.0
38.0
65.0
68.0
30.0
56.0
13.0
6.0
94.0
16.0
99.0
49.0
87.0
56.0
57.0
44.0
45.0
67.0
56.0
53.0
86.0
137.0
76.0
51.0
88.0
106.0
70.0
84.0
46.0
123.0
332.0
80.0
65.0
68.0
83.0
124.0
98.0
59.0
94.0
54.0
110.0
39.0
127.0
67.0
100.0
97.0
299.0
4.0
324.0
779.0
