18526.0
18493.0
18462.0
18416.0
18341.0
18288.0
18242.0
18206.0
18161.0
18095.0
18038.0
17987.0
17943.0
17921.0
17863.0
17809.0
17766.0
17722.0
17659.0
17613.0
17555.0
17502.0
17440.0
17404.0
17319.0
17289.0
17248.0
17173.0
17119.0
17048.0
16990.0
16932.0
16864.0
16811.0
16752.0
16687.0
16645.0
16605.0
16569.0
16516.0
16436.0
16404.0
16350.0
16304.0
16256.0
16223.0
16209.0
16148.0
16104.0
16055.0
16016.0
15968.0
15922.0
15870.0
15810.0
15767.0
15703.0
15655.0
15613.0
15548.0
15501.0
15414.0
15369.0
15323.0
15288.0
15250.0
15202.0
15162.0
15138.0
15111.0
15069.0
15028.0
14986.0
14942.0
14891.0
14842.0
14803.0
14765.0
14737.0
14712.0
14684.0
14666.0
14635.0
14579.0
14532.0
14468.0
14436.0
14398.0
14359.0
14275.0
14228.0
14170.0
14150.0
14137.0
14109.0
14072.0
14029.0
13986.0
13954.0
13925.0
13882.0
13853.0
13834.0
13787.0
13754.0
13730.0
13717.0
13701.0
13685.0
13641.0
13606.0
13573.0
13521.0
13471.0
13451.0
13421.0
13380.0
13322.0
13280.0
13230.0
13201.0
13170.0
13139.0
13098.0
13052.0
13013.0
12980.0
12946.0
12918.0
12887.0
12847.0
12803.0
12728.0
12662.0
12636.0
12620.0
12590.0
12556.0
12528.0
12500.0
12485.0
12473.0
12442.0
12418.0
12385.0
12347.0
12294.0
12269.0
12226.0
12175.0
12126.0
12103.0
12068.0
12018.0
11982.0
11941.0
11921.0
11903.0
11888.0
11857.0
11819.0
11770.0
11729.0
11675.0
11631.0
11607.0
11565.0
11536.0
11502.0
11448.0
11382.0
11363.0
11356.0
11340.0
11316.0
11291.0
11236.0
11215.0
11197.0
11179.0
11147.0
11121.0
11075.0
11041.0
10990.0
10959.0
10942.0
10930.0
10927.0
10911.0
10850.0
10767.0
10715.0
10693.0
10686.0
10672.0
10653.0
10628.0
10617.0
10586.0
10561.0
10534.0
10516.0
10505.0
10489.0
10477.0
10453.0
10439.0
10403.0
10390.0
10359.0
10329.0
10241.0
10191.0
10173.0
10142.0
10037.0
10011.0
9996.0
9984.0
9963.0
9928.0
9899.0
9863.0
9839.0
9818.0
9801.0
9785.0
9747.0
9709.0
9707.0
9694.0
9672.0
9669.0
9656.0
9650.0
9643.0
9628.0
9616.0
9594.0
9557.0
9530.0
9518.0
9509.0
9498.0
9476.0
9475.0
9441.0
9440.0
9439.0
9416.0
9397.0
9366.0
9333.0
9316.0
9311.0
9307.0
9289.0
9275.0
9246.0
9209.0
9150.0
9130.0
9119.0
9086.0
9047.0
9032.0
8995.0
8966.0
8945.0
8929.0
8914.0
8879.0
8841.0
8797.0
8773.0
8746.0
8732.0
8721.0
8700.0
8693.0
8663.0
8618.0
8593.0
8567.0
8552.0
8547.0
8517.0
8478.0
8469.0
8441.0
8397.0
8364.0
8338.0
8294.0
8261.0
8243.0
8236.0
8235.0
8218.0
8196.0
8173.0
8142.0
8094.0
8054.0
8006.0
7976.0
7938.0
7904.0
7866.0
7828.0
7778.0
7751.0
7728.0
7694.0
7616.0
7575.0
7541.0
7489.0
7458.0
7443.0
7427.0
7399.0
7357.0
7327.0
7294.0
7266.0
7244.0
7208.0
7177.0
7132.0
7096.0
7058.0
7029.0
7007.0
6975.0
6952.0
6895.0
6869.0
6840.0
6814.0
6790.0
6770.0
6739.0
6724.0
6701.0
6670.0
6651.0
6618.0
6599.0
6575.0
6556.0
6515.0
6478.0
6451.0
6431.0
6420.0
6405.0
6390.0
6373.0
6354.0
6324.0
6290.0
6258.0
6239.0
6213.0
6186.0
6163.0
6142.0
6133.0
6122.0
6092.0
6034.0
6012.0
5982.0
5956.0
5927.0
5908.0
5885.0
5852.0
5815.0
5777.0
5754.0
5736.0
5722.0
5696.0
5673.0
5656.0
5642.0
5637.0
5617.0
5601.0
5574.0
5552.0
5516.0
5484.0
5449.0
5423.0
5388.0
5377.0
5350.0
5344.0
5314.0
5293.0
5243.0
5199.0
5155.0
5134.0
5102.0
5076.0
5058.0
5045.0
5011.0
4992.0
4979.0
4949.0
4929.0
4919.0
4893.0
4873.0
4839.0
4811.0
4774.0
4703.0
4687.0
4665.0
4618.0
4581.0
4567.0
4552.0
4491.0
4481.0
4431.0
4399.0
4374.0
4354.0
4333.0
4289.0
4269.0
4240.0
4221.0
4188.0
4148.0
4123.0
4110.0
4086.0
4065.0
4038.0
4023.0
4009.0
3986.0
3965.0
3957.0
3939.0
3925.0
3909.0
3893.0
3877.0
3853.0
3846.0
3840.0
3816.0
3798.0
3788.0
3774.0
3760.0
3748.0
3743.0
3738.0
3736.0
3730.0
3721.0
3715.0
3706.0
3696.0
3695.0
3688.0
3681.0
3676.0
3661.0
3651.0
3638.0
3633.0
3625.0
3618.0
3608.0
3605.0
3598.0
3594.0
3586.0
3582.0
3570.0
3564.0
3549.0
3542.0
3534.0
3527.0
3517.0
3498.0
3493.0
3484.0
3475.0
3467.0
3459.0
3446.0
3435.0
3426.0
3410.0
3394.0
3390.0
3382.0
3338.0
3336.0
3329.0
3306.0
3299.0
3287.0
3275.0
3271.0
3266.0
3256.0
3253.0
3253.0
3246.0
3236.0
3225.0
3218.0
3211.0
3207.0
3200.0
3197.0
3193.0
3163.0
3160.0
3156.0
3147.0
3144.0
3127.0
3047.0
3040.0
3032.0
3028.0
3027.0
3022.0
3016.0
3011.0
3008.0
3003.0
2993.0
2992.0
2991.0
2984.0
2976.0
2918.0
2903.0
2897.0
2895.0
2893.0
2884.0
2878.0
2871.0
2857.0
2853.0
2848.0
2843.0
2813.0
2809.0
2805.0
2801.0
2796.0
2792.0
2788.0
2785.0
2782.0
2774.0
2762.0
2756.0
2750.0
2744.0
2727.0
2721.0
2657.0
2652.0
2651.0
2649.0
2644.0
2641.0
2637.0
2631.0
2625.0
2613.0
2606.0
2601.0
2600.0
2538.0
2535.0
2523.0
2523.0
2521.0
2520.0
2519.0
2518.0
2517.0
2515.0
2507.0
2445.0
2439.0
2437.0
2436.0
2435.0
2433.0
2432.0
2430.0
2428.0
2427.0
2426.0
2420.0
2367.0
2362.0
2350.0
2348.0
2347.0
2345.0
2334.0
2334.0
2249.0
2238.0
2236.0
2228.0
2216.0
2204.0
2201.0
2190.0
2181.0
2180.0
2175.0
2169.0
2152.0
2130.0
2127.0
2080.0
2076.0
2059.0
2049.0
2041.0
2036.0
2024.0
2023.0
2017.0
1982.0
1977.0
1975.0
1960.0
1940.0
1915.0
1905.0
1898.0
1882.0
1872.0
1822.0
1791.0
1735.0
1724.0
1705.0
1701.0
1670.0
1660.0
1653.0
1651.0
1651.0
1643.0
1637.0
1631.0
1623.0
1619.0
1610.0
1609.0
1601.0
1595.0
1581.0
1579.0
1562.0
1551.0
1547.0
1542.0
1535.0
1528.0
1523.0
1512.0
1479.0
1479.0
1474.0
1451.0
1440.0
1408.0
1388.0
1362.0
1350.0
1337.0
1324.0
1311.0
1287.0
1275.0
1256.0
1246.0
1241.0
1236.0
1233.0
1232.0
1229.0
1226.0
1218.0
1208.0
1206.0
1200.0
1183.0
1179.0
1172.0
1167.0
1165.0
1160.0
1159.0
1156.0
1149.0
1142.0
1140.0
1137.0
1132.0
1128.0
1119.0
1110.0
1106.0
1090.0
1080.0
1074.0
1068.0
1057.0
1054.0
1050.0
1039.0
1031.0
1030.0
1026.0
1023.0
1018.0
1015.0
1012.0
1008.0
997.0
995.0
994.0
993.0
993.0
989.0
987.0
983.0
970.0
959.0
950.0
948.0
945.0
944.0
939.0
933.0
923.0
917.0
910.0
903.0
901.0
896.0
893.0
889.0
889.0
879.0
875.0
868.0
863.0
858.0
851.0
846.0
843.0
840.0
837.0
837.0
836.0
828.0
819.0
815.0
808.0
802.0
796.0
781.0
779.0
769.0
761.0
747.0
744.0
738.0
731.0
718.0
718.0
714.0
706.0
700.0
699.0
698.0
688.0
675.0
674.0
650.0
646.0
637.0
628.0
622.0
613.0
607.0
601.0
599.0
592.0
588.0
578.0
559.0
543.0
535.0
436.0
435.0
431.0
421.0
416.0
411.0
408.0
403.0
397.0
393.0
391.0
386.0
381.0
376.0
371.0
366.0
366.0
358.0
349.0
347.0
342.0
335.0
333.0
332.0
332.0
332.0
330.0
325.0
317.0
316.0
311.0
305.0
303.0
302.0
294.0
293.0
291.0
280.0
267.0
252.0
240.0
230.0
213.0
205.0
201.0
190.0
150.0
150.0
140.0
135.0
125.0
123.0
120.0
120.0
117.0
109.0
105.0
105.0
90.0
85.0
77.0
74.0
50.0
49.0
49.0
