62143.0
61899.0
61795.0
61651.0
61528.0
61389.0
61214.0
61067.0
60883.0
60744.0
60617.0
60401.0
60225.0
60107.0
59964.0
59803.0
59689.0
59538.0
59388.0
59232.0
59113.0
58969.0
58851.0
58727.0
58610.0
58474.0
58352.0
58195.0
58057.0
57930.0
57804.0
57682.0
57529.0
57379.0
57264.0
57118.0
57016.0
56926.0
56815.0
56705.0
56582.0
56495.0
56396.0
56277.0
56170.0
56074.0
56022.0
55948.0
55785.0
55664.0
55533.0
55432.0
55299.0
55189.0
55018.0
54872.0
54747.0
54577.0
54438.0
54304.0
54157.0
53924.0
53769.0
53618.0
53510.0
53383.0
53260.0
53137.0
53064.0
52983.0
52873.0
52717.0
52573.0
52393.0
52196.0
52011.0
51853.0
51714.0
51559.0
51419.0
51285.0
51123.0
50986.0
50822.0
50655.0
50491.0
50408.0
50302.0
50156.0
50013.0
49868.0
49750.0
49625.0
49558.0
49458.0
49368.0
49267.0
49185.0
49116.0
49020.0
48924.0
48850.0
48802.0
48653.0
48546.0
48438.0
48391.0
48342.0
48255.0
48136.0
48011.0
47840.0
47711.0
47609.0
47435.0
47257.0
47136.0
46921.0
46736.0
46553.0
46455.0
46376.0
46282.0
46183.0
46064.0
45944.0
45795.0
45683.0
45596.0
45506.0
45391.0
45229.0
45066.0
44951.0
44876.0
44814.0
44708.0
44568.0
44479.0
44387.0
44307.0
44241.0
44130.0
44006.0
43838.0
43677.0
43514.0
43378.0
43214.0
43036.0
42927.0
42851.0
42727.0
42579.0
42448.0
42324.0
42221.0
42154.0
42049.0
41980.0
41895.0
41783.0
41634.0
41449.0
41304.0
41214.0
41106.0
41056.0
40965.0
40846.0
40713.0
40623.0
40540.0
40479.0
40395.0
40314.0
40240.0
40173.0
40079.0
40050.0
39982.0
39907.0
39817.0
39715.0
39615.0
39495.0
39406.0
39343.0
39310.0
39266.0
39118.0
38985.0
38837.0
38747.0
38708.0
38671.0
38574.0
38433.0
38372.0
38259.0
38187.0
38094.0
38038.0
37993.0
37935.0
37883.0
37857.0
37801.0
37701.0
37644.0
37560.0
37487.0
37413.0
37302.0
37173.0
37057.0
36975.0
36867.0
36724.0
36647.0
36530.0
36389.0
36321.0
36203.0
36128.0
36005.0
35918.0
35854.0
35678.0
35531.0
35481.0
35385.0
35306.0
35251.0
35200.0
35119.0
35080.0
35056.0
34972.0
34866.0
34706.0
34634.0
34583.0
34545.0
34495.0
34386.0
34322.0
34189.0
34180.0
34155.0
34003.0
33953.0
33850.0
33735.0
33675.0
33655.0
33632.0
33532.0
33483.0
33405.0
33312.0
33201.0
33146.0
33128.0
33055.0
32927.0
32895.0
32789.0
32697.0
32648.0
32605.0
32561.0
32439.0
32347.0
32224.0
32117.0
31998.0
31921.0
31896.0
31829.0
31807.0
31707.0
31629.0
31551.0
31494.0
31431.0
31335.0
31115.0
31029.0
30985.0
30918.0
30842.0
30779.0
30721.0
30595.0
30461.0
30294.0
30255.0
30247.0
30161.0
30030.0
29914.0
29848.0
29745.0
29673.0
29607.0
29520.0
29468.0
29393.0
29343.0
29282.0
29211.0
29170.0
29121.0
29048.0
29002.0
28914.0
28820.0
28750.0
28678.0
28650.0
28579.0
28502.0
28403.0
28333.0
28247.0
28159.0
28084.0
28000.0
27876.0
27791.0
27747.0
27667.0
27561.0
27470.0
27386.0
27316.0
27249.0
27171.0
27089.0
27057.0
26991.0
26913.0
26869.0
26792.0
26733.0
26665.0
26620.0
26560.0
26525.0
26487.0
26412.0
26352.0
26274.0
26216.0
26174.0
26146.0
26081.0
26031.0
25972.0
25939.0
25881.0
25835.0
25787.0
25720.0
25628.0
25577.0
25511.0
25470.0
25412.0
25398.0
25357.0
25316.0
25271.0
25217.0
25177.0
25123.0
25066.0
25014.0
24934.0
24855.0
24792.0
24746.0
24712.0
24653.0
24580.0
24516.0
24460.0
24398.0
24379.0
24320.0
24272.0
24226.0
24151.0
24095.0
24037.0
23981.0
23911.0
23868.0
23844.0
23810.0
23786.0
23733.0
23692.0
23661.0
23605.0
23544.0
23500.0
23409.0
23337.0
23265.0
23211.0
23127.0
23062.0
23001.0
22955.0
22939.0
22912.0
22800.0
22747.0
22666.0
22578.0
22518.0
22434.0
22385.0
22338.0
22252.0
22189.0
22165.0
22118.0
22064.0
21970.0
21879.0
21824.0
21802.0
21753.0
21725.0
21664.0
21629.0
21576.0
21509.0
21479.0
21451.0
21388.0
21347.0
21291.0
21229.0
21163.0
21125.0
21092.0
21059.0
21035.0
20975.0
20923.0
20864.0
20803.0
20735.0
20684.0
20672.0
20664.0
20645.0
20618.0
20593.0
20537.0
20510.0
20436.0
20386.0
20365.0
20344.0
20323.0
20285.0
20230.0
20208.0
20178.0
20147.0
20134.0
20111.0
20088.0
20069.0
20028.0
20006.0
19985.0
19957.0
19934.0
19917.0
19888.0
19849.0
19811.0
19794.0
19780.0
19760.0
19739.0
19721.0
19671.0
19657.0
19619.0
19567.0
19520.0
19455.0
19416.0
19372.0
19340.0
19288.0
19257.0
19233.0
19175.0
19126.0
19074.0
19054.0
19033.0
18992.0
18958.0
18938.0
18915.0
18866.0
18821.0
18790.0
18759.0
18710.0
18677.0
18652.0
18630.0
18602.0
18581.0
18545.0
18506.0
18459.0
18439.0
18414.0
18382.0
18363.0
18329.0
18300.0
18273.0
18254.0
18231.0
18222.0
18168.0
18120.0
18104.0
18071.0
18037.0
17992.0
17957.0
17930.0
17901.0
17883.0
17877.0
17848.0
17827.0
17816.0
17776.0
17730.0
17667.0
17596.0
17533.0
17505.0
17483.0
17449.0
17412.0
17392.0
17352.0
17325.0
17301.0
17242.0
17225.0
17197.0
17177.0
17172.0
17143.0
17119.0
17070.0
17054.0
17048.0
16964.0
16939.0
16917.0
16889.0
16831.0
16761.0
16710.0
16659.0
16617.0
16595.0
16583.0
16558.0
16529.0
16503.0
16482.0
16466.0
16433.0
16389.0
16360.0
16350.0
16325.0
16306.0
16262.0
16238.0
16224.0
16184.0
16164.0
16150.0
16146.0
16138.0
16093.0
16070.0
16031.0
16011.0
15990.0
15957.0
15939.0
15916.0
15899.0
15887.0
15868.0
15859.0
15841.0
15821.0
15811.0
15786.0
15768.0
15761.0
15746.0
15732.0
15710.0
15652.0
15575.0
15538.0
15506.0
15427.0
15379.0
15329.0
15280.0
15218.0
15178.0
15151.0
15097.0
15029.0
14966.0
14886.0
14836.0
14779.0
14689.0
14617.0
14578.0
14540.0
14460.0
14394.0
14362.0
14298.0
14251.0
14227.0
14162.0
14114.0
14031.0
13982.0
13941.0
13908.0
13859.0
13797.0
13748.0
13700.0
13639.0
13577.0
13523.0
13448.0
13377.0
13319.0
13230.0
13182.0
13115.0
13054.0
12987.0
12939.0
12900.0
12829.0
12767.0
12693.0
12643.0
12556.0
12488.0
12422.0
12396.0
12387.0
12347.0
12308.0
12263.0
12208.0
12158.0
12119.0
12061.0
11983.0
11914.0
11825.0
11733.0
11652.0
11587.0
11526.0
11470.0
11371.0
11326.0
11261.0
11198.0
11128.0
11081.0
11067.0
11054.0
11033.0
11007.0
10985.0
10971.0
10938.0
10912.0
10872.0
10769.0
10737.0
10714.0
10688.0
10652.0
10624.0
10594.0
10571.0
10523.0
10473.0
10451.0
10409.0
10383.0
10342.0
10324.0
10264.0
10240.0
10231.0
10208.0
10178.0
10139.0
10106.0
10084.0
10054.0
10029.0
9993.0
9961.0
9928.0
9895.0
9870.0
9827.0
9800.0
9778.0
9752.0
9729.0
9678.0
9639.0
9629.0
9621.0
9609.0
9588.0
9575.0
9504.0
9474.0
9431.0
9390.0
9370.0
9355.0
9337.0
9308.0
9295.0
9257.0
9209.0
9142.0
9097.0
9072.0
9056.0
9017.0
8998.0
8940.0
8910.0
8886.0
8846.0
8814.0
8776.0
8729.0
8696.0
8677.0
8634.0
8591.0
8531.0
8499.0
8469.0
8435.0
8381.0
8332.0
8297.0
8263.0
8210.0
8145.0
8088.0
8042.0
8007.0
7980.0
7960.0
7909.0
7871.0
7822.0
7771.0
7714.0
7653.0
7604.0
7544.0
7458.0
7392.0
7342.0
7281.0
7208.0
7136.0
7073.0
6979.0
6897.0
6824.0
6731.0
6665.0
6575.0
6460.0
6364.0
6251.0
6124.0
6047.0
5984.0
5915.0
5802.0
5718.0
5550.0
5496.0
5415.0
5319.0
5235.0
5183.0
5124.0
5072.0
4986.0
4927.0
4893.0
4869.0
4831.0
4766.0
4698.0
4668.0
4612.0
4599.0
4593.0
4499.0
4483.0
4384.0
4335.0
4248.0
4192.0
4135.0
4091.0
4046.0
3979.0
3923.0
3870.0
3784.0
3647.0
3571.0
3520.0
3432.0
3326.0
3256.0
3172.0
3126.0
3003.0
2671.0
2591.0
2526.0
2458.0
2375.0
2251.0
2153.0
2094.0
2000.0
1946.0
1836.0
1797.0
1670.0
1603.0
1503.0
1406.0
1107.0
1103.0
779.0
